2009 1 1 - 14
2009 1 2 - 28
2009 1 3 - 19
2009 1 4 - 21
2009 1 5 - 27
2009 1 6 - 23
2009 1 7 - 32
2009 1 8 - 25
2009 1 9 - 21
2009 1 10 - 20
2009 1 11 - 20
2009 1 12 - 20
2009 1 13 - 22
2009 1 14 - 7
2009 1 15 - 8
2009 1 16 - 6
2009 1 17 - 8
2009 1 18 - 22
2009 1 19 - 16
2009 1 20 - 14
2009 1 21 - 9
2009 1 22 - 24
2009 1 23 - 34
2009 1 24 - 20
2009 1 25 - 14
2009 1 26 - 12
2009 1 27 - 16
2009 1 28 - 22
2009 1 29 - 20
2009 1 30 - 20
2009 1 31 - 16
2009 2 1 - 31
2009 2 2 - 27
2009 2 3 - 23
2009 2 4 - 13
2009 2 5 - 3
2009 2 6 - 19
2009 2 7 - 34
2009 2 8 - 36
2009 2 9 - 32
2009 2 10 - 43
2009 2 11 - 49
2009 2 12 - 42
2009 2 13 - 28
2009 2 14 - 23
2009 2 15 - 24
2009 2 16 - 25
2009 2 17 - 26
2009 2 18 - 31
2009 2 19 - 26
2009 2 20 - 21
2009 2 21 - 27
2009 2 22 - 27
2009 2 23 - 19
2009 2 24 - 17
2009 2 25 - 30
2009 2 26 - 42
2009 2 27 - 36
2009 2 28 - 17
2009 3 1 - 17
2009 3 2 - 36
2009 3 3 - 14
2009 3 4 - 20
2009 3 5 - 35
2009 3 6 - 48
2009 3 7 - 37
2009 3 8 - 41
2009 3 9 - 40
2009 3 10 - 39
2009 3 11 - 40
2009 3 12 - 24
2009 3 13 - 27
2009 3 14 - 32
2009 3 15 - 40
2009 3 16 - 45
2009 3 17 - 43
2009 3 18 - 48
2009 3 19 - 37
2009 3 20 - 30
2009 3 21 - 32
2009 3 22 - 35
2009 3 23 - 28
2009 3 24 - 34
2009 3 25 - 46
2009 3 26 - 45
2009 3 27 - 46
2009 3 28 - 47
2009 3 29 - 45
2009 3 30 - 34
2009 3 31 - 41
2009 4 1 - 48
2009 4 2 - 51
2009 4 3 - 48
2009 4 4 - 37
2009 4 5 - 41
2009 4 6 - 37
2009 4 7 - 28
2009 4 8 - 35
2009 4 9 - 40
2009 4 10 - 43
2009 4 11 - 39
2009 4 12 - 35
2009 4 13 - 38
2009 4 14 - 48
2009 4 15 - 49
2009 4 16 - 47
2009 4 17 - 45
2009 4 18 - 50
2009 4 19 - 49
2009 4 20 - 47
2009 4 21 - 48
2009 4 22 - 41
2009 4 23 - 40
2009 4 24 - 58
2009 4 25 - 68
2009 4 26 - 65
2009 4 27 - 67
2009 4 28 - 55
2009 4 29 - 51
2009 4 30 - 58
2009 5 1 - 56
2009 5 2 - 49
2009 5 3 - 54
2009 5 4 - 54
2009 5 5 - 57
2009 5 6 - 60
2009 5 7 - 57
2009 5 8 - 60
2009 5 9 - 58
2009 5 10 - 45
2009 5 11 - 46
2009 5 12 - 50
2009 5 13 - 59
2009 5 14 - 58
2009 5 15 - 59
2009 5 16 - 60
2009 5 17 - 48
2009 5 18 - 45
2009 5 19 - 52
2009 5 20 - 63
2009 5 21 - 67
2009 5 22 - 65
2009 5 23 - 66
2009 5 24 - 65
2009 5 25 - 60
2009 5 26 - 61
2009 5 27 - 68
2009 5 28 - 70
2009 5 29 - 61
2009 5 30 - 56
2009 5 31 - 52
2009 6 1 - 56
2009 6 2 - 59
2009 6 3 - 59
2009 6 4 - 58
2009 6 5 - 62
2009 6 6 - 62
2009 6 7 - 64
2009 6 8 - 59
2009 6 9 - 62
2009 6 10 - 62
2009 6 11 - 65
2009 6 12 - 64
2009 6 13 - 62
2009 6 14 - 64
2009 6 15 - 66
2009 6 16 - 67
2009 6 17 - 65
2009 6 18 - 59
2009 6 19 - 67
2009 6 20 - 63
2009 6 21 - 65
2009 6 22 - 70
2009 6 23 - 70
2009 6 24 - 72
2009 6 25 - 76
2009 6 26 - 73
2009 6 27 - 70
2009 6 28 - 66
2009 6 29 - 68
2009 6 30 - 65
2009 7 1 - 67
2009 7 2 - 66
2009 7 3 - 66
2009 7 4 - 63
2009 7 5 - 62
2009 7 6 - 64
2009 7 7 - 62
2009 7 8 - 64
2009 7 9 - 67
2009 7 10 - 72
2009 7 11 - 69
2009 7 12 - 62
2009 7 13 - 64
2009 7 14 - 63
2009 7 15 - 67
2009 7 16 - 73
2009 7 17 - 64
2009 7 18 - 64
2009 7 19 - 64
2009 7 20 - 66
2009 7 21 - 67
2009 7 22 - 69
2009 7 23 - 71
2009 7 24 - 69
2009 7 25 - 71
2009 7 26 - 71
2009 7 27 - 70
2009 7 28 - 73
2009 7 29 - 72
2009 7 30 - 70
2009 7 31 - 72
2009 8 1 - 72
2009 8 2 - 69
2009 8 3 - 67
2009 8 4 - 74
2009 8 5 - 66
2009 8 6 - 66
2009 8 7 - 66
2009 8 8 - 64
2009 8 9 - 73
2009 8 10 - 77
2009 8 11 - 76
2009 8 12 - 73
2009 8 13 - 75
2009 8 14 - 76
2009 8 15 - 77
2009 8 16 - 77
2009 8 17 - 80
2009 8 18 - 77
2009 8 19 - 74
2009 8 20 - 77
2009 8 21 - 74
2009 8 22 - 74
2009 8 23 - 68
2009 8 24 - 66
2009 8 25 - 66
2009 8 26 - 66
2009 8 27 - 63
2009 8 28 - 62
2009 8 29 - 66
2009 8 30 - 60
2009 8 31 - 60
2009 9 1 - 61
2009 9 2 - 64
2009 9 3 - 67
2009 9 4 - 67
2009 9 5 - 65
2009 9 6 - 66
2009 9 7 - 67
2009 9 8 - 70
2009 9 9 - 69
2009 9 10 - 66
2009 9 11 - 60
2009 9 12 - 65
2009 9 13 - 63
2009 9 14 - 64
2009 9 15 - 64
2009 9 16 - 56
2009 9 17 - 59
2009 9 18 - 59
2009 9 19 - 53
2009 9 20 - 61
2009 9 21 - 69
2009 9 22 - 71
2009 9 23 - 71
2009 9 24 - 64
2009 9 25 - 56
2009 9 26 - 55
2009 9 27 - 62
2009 9 28 - 57
2009 9 29 - 56
2009 9 30 - 48
2009 10 1 - 48
2009 10 2 - 49
2009 10 3 - 57
2009 10 4 - 51
2009 10 5 - 52
2009 10 6 - 53
2009 10 7 - 55
2009 10 8 - 52
2009 10 9 - 53
2009 10 10 - 50
2009 10 11 - 43
2009 10 12 - 40
2009 10 13 - 44
2009 10 14 - 39
2009 10 15 - 37
2009 10 16 - 38
2009 10 17 - 41
2009 10 18 - 41
2009 10 19 - 42
2009 10 20 - 54
2009 10 21 - 56
2009 10 22 - 51
2009 10 23 - 49
2009 10 24 - 53
2009 10 25 - 47
2009 10 26 - 51
2009 10 27 - 55
2009 10 28 - 50
2009 10 29 - 50
2009 10 30 - 57
2009 10 31 - 54
2009 11 1 - 43
2009 11 2 - 43
2009 11 3 - 44
2009 11 4 - 38
2009 11 5 - 39
2009 11 6 - 35
2009 11 7 - 48
2009 11 8 - 56
2009 11 9 - 57
2009 11 10 - 48
2009 11 11 - 43
2009 11 12 - 41
2009 11 13 - 43
2009 11 14 - 54
2009 11 15 - 48
2009 11 16 - 39
2009 11 17 - 39
2009 11 18 - 46
2009 11 19 - 48
2009 11 20 - 46
2009 11 21 - 43
2009 11 22 - 45
2009 11 23 - 44
2009 11 24 - 47
2009 11 25 - 49
2009 11 26 - 46
2009 11 27 - 38
2009 11 28 - 36
2009 11 29 - 42
2009 11 30 - 40
2009 12 1 - 38
2009 12 2 - 42
2009 12 3 - 44
2009 12 4 - 34
2009 12 5 - 30
2009 12 6 - 31
2009 12 7 - 30
2009 12 8 - 30
2009 12 9 - 40
2009 12 10 - 24
2009 12 11 - 18
2009 12 12 - 26
2009 12 13 - 33
2009 12 14 - 37
2009 12 15 - 34
2009 12 16 - 23
2009 12 17 - 18
2009 12 18 - 20
2009 12 19 - 23
2009 12 20 - 27
2009 12 21 - 28
2009 12 22 - 22
2009 12 23 - 21
2009 12 24 - 25
2009 12 25 - 35
2009 12 26 - 37
2009 12 27 - 31
2009 12 28 - 24
2009 12 29 - 13
2009 12 30 - 24
2009 12 31 - 32
